3,2
3,1
3,3
10,141
10,201
10,263
10,81
10,169
10,107
10,171
10,1
10,215
10,2
10,3
11,6
11,8
11,12
11,25
11,18
11,21
11,13
11,1
11,22
11,2
11,3
9,7
9,1
9,5
9,2
9,3
8,5
8,7
8,10
8,13
8,16
8,8
8,1
8,15
8,2
8,3
12,2
12,1
12,3
20,2
20,1
20,3
19,2
19,1
19,3
50,4
50,3
50,2
50,1
18,1
50,0
49,4
49,3
18,3
49,2
49,1
49,0
48,5
48,4
48,3
14,3
48,2
13,1
48,1
48,0
45,4
45,3
13,3
45,2
45,1
45,0
44,4
44,3
44,2
44,1
44,0
39,6
39,5
39,4
39,3
39,2
39,1
39,0
37,6
37,5
37,4
37,3
2,2
37,2
2,1
37,1
37,0
14,5
14,1
14,4
2,3
14,2
14,0
0,472
